111011101111111111
111011111111110111
1
101110111111
1111
10101111111111
1
10111
101110111111
11111
101
101111111111
1011
10111111
1
101111111111011
10111
101111111111
10111
1011
101110111111
1011111111110111
1101111111111
101111111111
1010111
101111111111
110111111
1
10111
1010111
1
10111
1
1
1010111
1
10111111
1
10111111111101111111111
1011
10111
1
1
101111111111
101
1
10111
1
10111111
101
1
1101111111111

111

101111111111
10111111
101
10111
1
10111111
101110111
101011111111110111
1
10111
111
10111
10101111111111
1111
101111111111
1
10111111
1010111
1
1
10111111
1
10101110111
11
1
101
1
10111111111101111111111
10111
1
10101111111111
11
1
11
1101111111111
1010111
1
11
101111111111
10111
101
101111111111
101111111111
1
101111111111
101
10111
11
1
10111
10101111111111
1
1
10111111
101111111111
1010111
101111111111
1
1
101111111111
101
101111111111
101
1
1
101111111111
1
10101111111111
1
1
10111111
1
101
1
101111111111
110111111
1
10101111111111011111111111
1
1
1
101111111111
1
111
1011111111111
1
101111111111
1
101111111111
